153,190,93,10,59,89,23,130,56,19,63,26,47,57,99,10,69,159,73,184,4,122,69,118,19,226,162,116,102,229,177,40
161,172,6,52,50,229,246,39,100,81,56,89,192,19,28,149,2,124,58,230,242,127,229,14,187,134,103,49,125,87,102,119
90,74,214,141,109,8,51,231,141,65,68,189,177,110,242,57,27,101,139,53,103,157,192,81,184,80,68,159,120,120,115,56
62,68,216,10,103,173,82,245,154,10,250,109,60,188,195,78,29,127,75,164,99,95,43,90,147,41,59,120,108,50,122,108
221,180,167,223,191,36,189,131,112,205,104,203,149,5,134,255,156,251,209,12,153,189,43,126,14,33,123,89,223,171,175,76
57,48,150,136,148,136,8,175,213,31,156,3,67,138,192,238,46,18,190,254,152,240,92,151,191,101,89,180,189,68,78,31
179,130,196,253,239,161,174,222,137,211,98,8,117,6,118,69,139,33,250,13,6,226,231,225,134,16,73,27,227,67,93,163
118,178,200,128,79,12,218,66,75,176,20,149,159,46,3,38,147,194,143,153,147,87,24,85,15,92,104,49,142,109,121,179
59,228,250,14,175,40,50,192,58,101,148,95,154,4,145,38,60,209,253,76,23,104,252,156,173,108,236,44,146,85,123,49
214,3,97,196,123,135,10,247,129,158,163,213,79,111,104,35,65,52,110,3,82,48,219,201,13,50,41,227,91,57,249,165
71,98,34,66,174,177,49,177,248,188,244,127,158,17,25,23,42,251,14,202,28,110,61,225,158,77,35,29,213,254,198,113
141,80,29,60,68,251,131,201,118,182,198,249,128,181,141,184,54,184,39,100,233,84,243,81,15,173,67,134,187,210,42,28
165,203,251,28,142,15,183,180,47,47,183,103,141,154,91,220,131,1,106,9,153,147,204,20,140,168,234,127,47,97,251,187
12,32,25,109,151,247,148,233,78,26,231,139,132,205,75,144,118,10,33,31,216,184,103,67,146,187,148,214,35,118,47,44
239,37,154,95,244,196,89,63,250,206,147,181,155,82,97,110,4,226,116,16,128,231,49,32,12,148,12,136,168,5,150,51
43,230,212,142,220,153,42,105,195,137,106,151,15,236,144,204,163,252,111,218,158,61,185,251,157,149,63,58,187,81,139,189
93,173,15,34,113,157,174,108,111,36,142,131,77,57,191,174,39,72,73,86,117,128,6,169,150,158,188,7,136,12,9,183
71,93,52,56,197,50,224,45,40,66,53,241,210,43,162,55,15,176,78,186,211,112,3,189,31,69,128,136,115,209,7,45
172,202,153,233,141,102,65,30,87,214,195,165,100,100,206,93,2,89,80,90,177,251,90,57,183,161,188,163,156,82,197,50
5,60,174,197,55,33,163,215,94,38,94,55,78,119,109,213,4,131,57,30,149,167,234,136,60,167,11,123,172,143,56,217
20,97,186,113,155,66,142,181,34,51,140,211,121,131,98,232,69,178,66,126,66,120,137,71,191,217,103,158,113,133,70,227
25,205,97,199,31,57,21,26,53,147,29,93,107,242,137,172,184,86,135,184,215,220,235,210,108,2,89,167,120,247,67,66
226,2,226,220,157,103,149,125,134,200,122,200,93,245,225,252,197,109,101,49,89,123,51,23,161,169,78,141,243,121,43,226
22,71,37,97,10,133,145,255,184,154,40,52,66,119,13,120,4,171,210,73,82,254,51,68,95,247,192,157,157,22,1,66
6,231,188,47,185,231,234,51,120,40,228,10,60,129,90,167,118,147,250,221,63,183,44,40,170,117,225,149,178,73,194,112
155,229,140,158,86,83,33,149,242,72,131,90,23,214,102,208,200,28,83,211,89,85,94,253,132,64,104,212,189,44,252,230
167,25,92,209,197,107,111,104,26,66,207,246,51,48,92,150,86,199,70,229,45,170,39,159,169,35,88,133,113,152,132,136
12,23,69,110,241,181,135,61,224,228,241,58,8,67,105,15,197,113,159,41,200,45,238,115,210,143,76,169,114,35,146,195
47,28,223,131,194,217,176,105,50,1,143,45,14,152,156,15,107,45,25,169,21,129,136,31,190,82,183,186,57,92,23,34
187,248,183,185,122,52,157,248,76,96,204,172,211,121,197,250,223,145,180,123,97,26,133,116,188,221,65,25,177,132,80,239
92,129,65,37,171,217,174,207,198,30,227,4,221,212,100,206,205,237,13,158,214,135,98,168,173,183,113,8,213,247,174,129
69,236,115,128,190,118,211,167,16,11,105,193,117,15,130,159,160,243,152,131,227,29,140,235,6,5,168,128,146,58,135,191
